56
1 4
1 5
1 7
1 8
2 2
2 3
2 4
2 5
2 6
2 7
2 8
2 9
3 1
3 2
3 3
3 5
3 6
3 8
3 9
4 1
4 2
4 4
4 5
4 7
4 8
5 2
5 3
5 4
5 6
5 7
5 8
6 2
6 3
6 5
6 6
6 8
6 9
7 1
7 2
7 4
7 5
7 7
7 8
7 9
8 1
8 2
8 3
8 4
8 5
8 6
8 7
8 8
9 2
9 3
9 5
9 6
40
h 9 1 4 2
h 15 1 7 2
h 42 2 2 8
h 16 3 1 3
h 8 3 5 2
h 11 3 8 2
h 3 4 1 2
h 11 4 4 2
h 4 4 7 2
h 15 5 2 3
h 11 5 6 3
h 9 6 2 2
h 9 6 5 2
h 9 6 8 2
h 7 7 1 2
h 13 7 4 2
h 19 7 7 3
h 39 8 1 8
h 4 9 2 2
h 11 9 5 2
v 6 3 1 2
v 10 7 1 2
v 43 2 2 8
v 12 2 3 2
v 5 5 3 2
v 4 8 3 2
v 3 1 4 2
v 16 4 4 2
v 13 7 4 2
v 15 1 5 4
v 18 6 5 4
v 13 2 6 2
v 10 5 6 2
v 16 8 6 2
v 14 1 7 2
v 3 4 7 2
v 11 7 7 2
v 37 1 8 8
v 7 2 9 2
v 9 6 9 2